[[  5.5   0. ]
 [  9.    0. ]
 [ 13.5   0. ]
 [ 16.5   0. ]
 [ 21.    0. ]
 [ 25.5   0. ]
 [ 29.    0. ]
 [ 33.5   0. ]
 [ 37.    0. ]
 [ 41.    0. ]
 [ 45.5   0. ]
 [ 49.5   0. ]
 [ 53.    0. ]
 [ 57.    0. ]
 [ 61.    0. ]
 [ 65.    0. ]
 [ 69.    0. ]
 [ 72.5   0. ]
 [ 77.5   0. ]
 [ 82.5   0. ]
 [ 87.    0. ]
 [ 87.5   0. ]
 [ 93.    0. ]
 [ 96.5   0. ]
 [101.    0. ]
 [105.    0. ]
 [108.5   0. ]
 [112.5   0. ]
 [116.    2. ]
 [119.5   3. ]
 [123.5   6.5]
 [126.    9. ]
 [128.   11. ]
 [129.   14. ]
 [130.5  18. ]
 [131.5  21.5]
 [133.5  26.5]
 [133.5  32. ]
 [135.   37.5]
 [136.   44. ]
 [137.   50. ]
 [137.   57. ]
 [138.5  64. ]
 [138.5  71.5]
 [139.   79. ]
 [140.   86.5]
 [140.5  93.5]
 [141.5 100.5]
 [142.  108.5]
 [142.5 116. ]
 [143.  124.5]
 [143.5 132.5]
 [144.5 141. ]
 [145.  150. ]
 [145.5 157.5]
 [146.  165. ]
 [148.  166. ]
 [148.5 175. ]
 [149.  181.5]
 [149.5 190.5]
 [149.5 199.5]
 [152.  201.5]
 [152.5 206. ]
 [151.  227. ]
 [153.  223.5]
 [154.5 230.5]
 [156.  232. ]
 [156.  241.5]
 [156.  252. ]
 [155.5 267. ]
 [155.5 278.5]
 [155.5 295. ]
 [155.  304. ]
 [156.  308. ]
 [157.  316. ]
 [157.  327.5]
 [156.  342. ]
 [159.5 336. ]
 [157.5 359.5]
 [158.5 359. ]
 [157.  379. ]
 [157.  379. ]
 [158.5 377.5]
 [159.  377.5]
 [158.  378. ]
 [159.5 376. ]
 [160.  375.5]
 [158.5 377.5]
 [158.5 377.5]
 [158.5 376. ]
 [158.5 377. ]
 [157.5 379. ]
 [157.5 378. ]
 [157.  379.5]
 [158.  378. ]
 [158.5 376.5]
 [158.5 377. ]
 [158.5 377. ]
 [158.  377.5]
 [157.5 379. ]
 [158.  378. ]
 [158.  377. ]
 [157.5 379. ]
 [157.  379. ]
 [157.  379. ]
 [156.5 379. ]
 [157.5 379. ]
 [157.  379.5]
 [157.  379.5]
 [156.5 379.5]
 [156.5 379.5]
 [157.  379.5]
 [156.5 379. ]
 [156.  380. ]
 [156.  379.5]
 [157.  379. ]
 [157.  379. ]
 [156.5 379.5]
 [156.5 379.5]
 [156.5 379.5]
 [157.  379. ]
 [157.  379. ]
 [156.5 379. ]
 [157.  379. ]
 [157.  379. ]
 [156.  379.5]
 [157.  378.5]
 [156.5 379. ]
 [156.5 379.5]
 [156.5 379. ]
 [156.  380. ]
 [155.5 380. ]
 [156.  380. ]
 [157.  379.5]
 [156.5 378.5]
 [156.  379.5]
 [157.  379. ]
 [156.5 379.5]
 [156.  379.5]
 [156.5 379.5]
 [156.5 379.5]
 [156.5 379.5]
 [156.  379.5]
 [156.  380. ]
 [155.5 380. ]
 [156.  380. ]
 [156.  380. ]
 [155.5 380. ]
 [155.5 379.5]
 [156.5 379.5]
 [155.5 380. ]
 [155.5 380.5]
 [156.  380. ]
 [156.  380. ]
 [156.5 379.5]
 [156.5 379.5]
 [155.5 379.5]
 [156.5 379.5]
 [156.5 380. ]
 [156.5 379.5]
 [156.  379.5]
 [156.5 379.5]
 [156.5 379. ]
 [156.5 379. ]
 [156.5 379.5]
 [157.5 379. ]
 [157.  378. ]
 [157.  379. ]
 [157.  378.5]
 [157.  378.5]
 [157.  379. ]
 [157.5 378.5]
 [157.  379. ]
 [157.  379. ]
 [157.  379. ]
 [156.  380. ]
 [155.5 380. ]
 [156.5 379.5]
 [156.  380. ]
 [155.5 380. ]
 [155.5 380.5]
 [155.5 379.5]
 [156.  380. ]
 [155.5 380. ]
 [155.5 380. ]
 [156.  380. ]
 [156.  380. ]
 [155.5 380.5]
 [156.  380.5]
 [156.  380. ]
 [156.  380. ]
 [157.  378.5]
 [155.5 380. ]
 [157.  378.5]
 [155.5 380. ]
 [156.  380. ]
 [156.  380.5]
 [155.  380.5]
 [155.  381. ]
 [155.5 380.5]
 [155.5 380. ]
 [156.  380. ]
 [156.  380. ]
 [156.5 379. ]
 [156.5 379.5]
 [155.5 380.5]
 [156.  379.5]
 [156.  379.5]
 [156.  380. ]
 [155.5 380. ]
 [156.  380. ]
 [156.  380. ]
 [156.  380. ]
 [155.5 380. ]
 [156.  379.5]
 [155.5 379. ]
 [155.5 380.5]
 [157.  377.5]
 [155.  380. ]
 [156.  380. ]
 [156.  380. ]
 [155.5 379.5]
 [155.  380. ]
 [156.  379.5]
 [156.  379.5]
 [156.5 378.5]
 [155.5 380. ]
 [156.5 378.5]
 [157.  379. ]
 [156.5 378. ]
 [156.  379. ]
 [157.5 377. ]
 [156.  379. ]
 [156.  379. ]
 [156.5 378.5]
 [156.5 379. ]
 [157.  378. ]
 [158.  376.5]
 [127.5  15. ]
 [127.   15. ]]